pc36-none 1 1 1037599138
pc36-none 1 2 1037599140
pc36-none 1 3 1037599142
pc36-none 1 4 1037599144
pc36-none 1 5 1037610460
pc36-none 2 1 1037610480
pc36-none 2 2 1037610482
pc36-none 2 3 1037610484
pc36-none 2 4 1037610486
pc36-none 2 5 1037610489
pc36-none 3 1 1037610491
pc36-none 3 2 1037610493
pc36-none 3 3 1037610495
pc36-none 3 4 1037610497
pc36-none 3 5 1037610499
fs25-none 1 1 1037610501
fs25-none 1 2 1037610503
fs25-none 1 3 1037610505
fs25-none 1 4 1037610507
fs25-none 1 5 1037610509
fs25-none 2 1 1037610511
fs25-none 2 2 1037610513
fs25-none 2 3 1037610515
fs25-none 2 4 1037610517
fs25-none 2 5 1037610519
fs25-none 3 1 1037610521
fs25-none 3 2 1037610523
fs25-none 3 3 1037610525
fs25-none 3 4 1037610528
fs25-none 3 5 1037610530
fs25-none 4 1 1037610532
fs25-none 4 2 1037610534
fs25-none 4 3 1037610536
fs25-none 4 4 1037610538
fs25-none 4 5 1037610540
fs25-none 5 1 1037610542
fs25-none 5 2 1037610544
fs25-none 5 3 1037610546
fs25-none 5 4 1037610548
fs25-none 5 5 1037610550
jh3-none 1 1 1037610552
jh3-none 1 2 1037610554
jh3-none 1 3 1037610556
jh3-none 1 4 1037610558
jh3-none 1 5 1037610560
jh3-none 2 1 1037610562
jh3-none 2 2 1037610564
jh3-none 2 3 1037610566
jh3-none 2 4 1037610568
jh3-none 2 5 1037610570
jh3-none 3 1 1037610572
jh3-none 3 2 1037610574
jh3-none 3 3 1037612376
jh3-none 3 4 1037612378
jh3-none 3 5 1037612380
jh3-none 4 1 1037612382
jh3-none 4 2 1037612384
jh3-none 4 3 1037612386
jh3-none 4 4 1037612388
jh3-none 4 5 1037612390
jh3-none 5 1 1037612392
jh3-none 5 2 1037612394
jh3-none 5 3 1037612396
jh3-none 5 4 1037612398
jh3-none 5 5 1037612400
pcr37-mcp 1 1 1037612402
pcr37-mcp 1 2 1037612404
pcr37-mcp 1 3 1037612406
pcr37-mcp 1 4 1037612408
pcr37-mcp 1 5 1037612410
pcr37-mcp 2 1 1037612412
pcr37-mcp 2 2 1037612414
pcr37-mcp 2 3 1037612416
pcr37-mcp 2 4 1037612418
pcr37-mcp 2 5 1037612420
pcr37-mcp 3 1 1037612422
pcr37-mcp 3 2 1037612424
pcr37-mcp 3 3 1037612426
pcr37-mcp 3 4 1037612428
pcr37-mcp 3 5 1037612430
