sb31-mcp 1 1 1037592003
sb31-mcp 1 2 1037592005
sb31-mcp 1 3 1037592007
sb31-mcp 1 4 1037592009
sb31-mcp 1 5 1037592011
sb31-mcp 2 1 1037592013
sb31-mcp 2 2 1037592015
sb31-mcp 2 3 1037592017
sb31-mcp 2 4 1037592019
sb31-mcp 2 5 1037592021
sb31-mcp 3 1 1037592023
sb31-mcp 3 2 1037592025
sb31-mcp 3 3 1037592027
sb31-mcp 3 4 1037592029
sb31-mcp 3 5 1037592031
sb31-mcp 4 2 1037592033
sb31-mcp 4 3 1037592035
sb31-mcp 4 4 1037592037
sb31-mcp 4 5 1037592039
sb31-none 1 1 1037592041
sb31-none 1 2 1037592043
sb31-none 1 3 1037592045
sb31-none 1 4 1037592047
sb31-none 1 5 1037592049
sb31-none 2 1 1037592051
sb31-none 2 2 1037592053
sb31-none 2 3 1037592055
sb31-none 2 4 1037592057
sb31-none 2 5 1037592059
sb31-none 3 1 1037592061
sb31-none 3 2 1037592063
sb31-none 3 3 1037592065
sb31-none 3 4 1037592067
sb31-none 3 5 1037592069
sb31-none 4 2 1037592071
sb31-none 4 3 1037592073
sb31-none 4 4 1037599075
sb31-none 4 5 1037599077
sb31-mcp 4 1 1037574696
sb31-none 4 1 1037574698
